3 85 23 91 60 43 90 68 8 67 6 13 98 60 75
94 44 41 37 45 94 68 92 76 66 45 10 41 68 49
36 19 30 56 96 19 40 95 70 18 20 83 87 11 40
34 46 44 83 6 81 11 98 9 19 72 64 99 78 6
78 3 53 23 74 9 58 81 64 74 45 11 55 34 58
65 1 100 57 59 57 12 90 30 69 8 89 73 95 65
31 18 81 74 99 69 99 38 39 11 9 90 39 67 56
57 4 55 94 75 58 36 72 72 30 11 70 61 75 60
2 44 50 28 66 15 97 20 97 29 16 3 82 42 69
46 4 99 77 74 90 22 68 24 84 22 27 58 56 9
32 91 66 5 38 77 17 37 65 37 86 98 58 55 38
2 61 96 78 65 34 22 19 61 73 25 39 68 91 26
99 96 42 51 66 79 46 43 21 44 91 8 71 47 6
38 52 43 35 92 82 19 81 60 52 34 23 83 66 60
43 58 38 80 46 97 40 14 83 91 99 83 90 74 24
88 94 28 72 4 74 96 86 74 94 46 9 71 40 74
51 67 53 5 86 54 96 68 8 59 52 89 24 57 11
2 84 31 61 47 35 24 85 48 12 0 74 48 60 59
100 17 12 43 99 18 8 53 17 9 64 77 26 62 75
20 95 81 74 92 25 100 80 45 61 41 76 65 31 34
8 100 35 68 83 99 13 8 3 84 5 40 76 87 1
4 39 17 17 91 17 88 28 60 3 67 8 88 43 60
19 5 39 63 9 23 53 3 86 40 25 90 10 34 51
83 16 0 68 76 77 69 97 28 66 31 31 50 97 51
95 32 50 56 94 80 89 53 60 12 54 88 49 40 78
12 3 23 77 81 62 43 61 31 71 27 87 92 28 42
87 91 33 42 46 94 55 18 0 13 22 36 10 68 65
52 8 1 26 0 29 93 80 75 36 44 2 36 66 62
53 22 32 65 70 77 23 47 63 45 38 26 61 5 23
14 96 39 56 71 10 51 24 58 78 24 99 81 69 50
15 17 24 20 23 83 92 77 15 41 54 23 14 57 35
88 22 73 76 95 41 60 16 33 95 18 13 19 90 71
93 68 97 84 48 69 12 97 35 10 62 70 71 77 47
48 89 74 19 9 35 67 41 31 30 59 50 85 11 52
34 30 57 22 14 67 22 23 19 1 49 3 89 28 22
64 4 40 41 30 47 31 74 74 50 11 50 88 87 29
76 50 98 96 21 98 22 18 48 18 46 49 24 92 24
12 23 54 47 91 98 76 34 34 62 43 78 82 40 16
54 33 7 58 47 50 34 23 39 47 80 29 89 83 47
4 5 84 26 46 77 91 10 15 56 54 94 37 59 32
46 88 43 56 89 86 85 12 60 47 87 45 26 53 37
23 66 3 52 32 20 17 68 64 77 99 21 33 51 74
21 63 96 14 55 51 58 88 45 36 41 97 87 45 63
16 3 75 89 90 49 59 36 29 79 95 0 10 6 64
99 100 45 30 15 73 92 6 100 54 71 5 38 70 72
95 79 75 51 33 25 70 100 98 31 64 11 29 54 85
92 65 58 36 70 24 62 24 36 22 23 60 39 66 33
44 11 51 76 71 69 78 92 42 38 15 54 89 81 79
5 74 64 25 62 95 44 54 43 97 46 21 3 28 89
48 16 86 96 72 68 0 27 99 35 48 12 17 69 27
35 29 71 4 57 107 30 93 96 77 36 2 41 7 5
