 4 15
 4 16
 4 36
 4 37
 4 38
 4 39
 4 40
 4 41
 5 13
 5 14
 5 17
 5 18
 5 34
 5 35
 5 41
 5 42
 6 13
 6 14
 6 17
 6 18
 6 34
 6 35
 6 41
 6 42
 7 13
 7 14
 7 19
 7 20
 7 34
 7 35
 7 38
 7 41
 7 42
 8 13
 8 14
 8 19
 8 20
 8 34
 8 35
 8 38
 8 41
 8 42
 9 11
 9 12
 9 15
 9 16
 9 19
 9 20
 9 34
 9 35
 9 38
 9 43
 9 44
 10 11
 10 12
 10 15
 10 16
 10 19
 10 20
 10 34
 10 35
 10 38
 10 43
 10 44
 11 11
 11 12
 11 15
 11 16
 11 21
 11 22
 11 32
 11 33
 11 38
 11 43
 11 44
 12 11
 12 12
 12 15
 12 16
 12 21
 12 22
 12 32
 12 33
 12 38
 12 43
 12 44
 13 11
 13 12
 13 15
 13 16
 13 17
 13 18
 13 21
 13 22
 13 23
 13 24
 13 25
 13 26
 13 27
 13 28
 13 29
 13 30
 13 31
 13 32
 13 33
 13 38
 13 39
 13 40
 13 45
 13 46
 14 11
 14 12
 14 15
 14 16
 14 17
 14 18
 14 21
 14 22
 14 23
 14 24
 14 25
 14 26
 14 27
 14 28
 14 29
 14 30
 14 31
 14 32
 14 33
 14 38
 14 39
 14 40
 14 45
 14 46
 15 11
 15 12
 15 15
 15 16
 15 17
 15 18
 15 19
 15 20
 15 21
 15 22
 15 23
 15 24
 15 25
 15 26
 15 27
 15 28
 15 29
 15 30
 15 31
 15 32
 15 33
 15 34
 15 35
 15 36
 15 37
 15 38
 15 39
 15 40
 15 43
 15 44
 15 45
 15 46
 16 11
 16 12
 16 15
 16 16
 16 17
 16 18
 16 19
 16 20
 16 21
 16 22
 16 23
 16 24
 16 25
 16 26
 16 27
 16 28
 16 29
 16 30
 16 31
 16 32
 16 33
 16 34
 16 35
 16 36
 16 37
 16 38
 16 39
 16 40
 16 43
 16 44
 16 45
 16 46
 17 11
 17 12
 17 15
 17 16
 17 17
 17 18
 17 19
 17 20
 17 21
 17 22
 17 23
 17 24
 17 25
 17 26
 17 27
 17 28
 17 29
 17 30
 17 31
 17 32
 17 33
 17 34
 17 35
 17 36
 17 37
 17 38
 17 39
 17 40
 17 41
 17 42
 17 45
 17 46
 18 11
 18 12
 18 15
 18 16
 18 17
 18 18
 18 19
 18 20
 18 21
 18 22
 18 23
 18 24
 18 25
 18 26
 18 27
 18 28
 18 29
 18 30
 18 31
 18 32
 18 33
 18 34
 18 35
 18 36
 18 37
 18 38
 18 39
 18 40
 18 41
 18 42
 19 11
 19 12
 19 15
 19 16
 19 17
 19 18
 19 19
 19 20
 19 21
 19 22
 19 23
 19 24
 19 25
 19 26
 19 27
 19 28
 19 29
 19 30
 19 31
 19 32
 19 33
 19 34
 19 35
 19 36
 19 37
 19 38
 19 39
 19 40
 19 41
 19 42
 19 47
 19 48
 20 11
 20 12
 20 13
 20 14
 20 15
 20 16
 20 17
 20 18
 20 19
 20 20
 20 25
 20 26
 20 27
 20 28
 20 29
 20 30
 20 31
 20 32
 20 33
 20 34
 20 35
 20 36
 20 37
 20 38
 20 39
 20 40
 20 41
 20 42
 20 43
 20 44
 20 47
 20 48
 21 11
 21 12
 21 13
 21 14
 21 15
 21 16
 21 17
 21 18
 21 19
 21 20
 21 25
 21 26
 21 27
 21 28
 21 29
 21 30
 21 31
 21 32
 21 33
 21 34
 21 35
 21 36
 21 37
 21 38
 21 39
 21 40
 21 41
 21 42
 21 43
 21 44
 21 47
 21 48
 22 11
 22 12
 22 13
 22 14
 22 15
 22 16
 22 17
 22 18
 22 26
 22 27
 22 28
 22 29
 22 34
 22 35
 22 36
 22 37
 22 38
 22 39
 22 40
 22 41
 22 42
 22 43
 22 44
 22 45
 22 46
 22 47
 22 48
 23 11
 23 12
 23 13
 23 14
 23 15
 23 16
 23 17
 23 18
 23 26
 23 27
 23 28
 23 29
 23 34
 23 35
 23 36
 23 37
 23 38
 23 39
 23 40
 23 41
 23 42
 23 43
 23 44
 23 45
 23 46
 23 47
 23 48
 24 11
 24 12
 24 13
 24 14
 24 15
 24 16
 24 17
 24 18
 24 26
 24 27
 24 28
 24 29
 24 36
 24 37
 24 38
 24 39
 24 40
 24 41
 24 42
 24 43
 24 44
 24 45
 24 46
 24 47
 24 48
 25 11
 25 12
 25 13
 25 14
 25 15
 25 16
 25 17
 25 18
 25 26
 25 27
 25 28
 25 29
 25 36
 25 37
 25 38
 25 39
 25 40
 25 41
 25 42
 25 43
 25 44
 25 45
 25 46
 25 47
 25 48
 26 10
 26 11
 26 12
 26 13
 26 14
 26 15
 26 16
 26 26
 26 27
 26 28
 26 29
 26 38
 26 39
 26 40
 26 41
 26 42
 26 43
 26 44
 26 45
 26 46
 26 49
 26 50
 27 10
 27 11
 27 12
 27 13
 27 14
 27 15
 27 16
 27 26
 27 27
 27 28
 27 29
 27 38
 27 39
 27 40
 27 41
 27 42
 27 43
 27 44
 27 45
 27 46
 27 49
 27 50
 28 10
 28 13
 28 14
 28 15
 28 16
 28 19
 28 20
 28 21
 28 22
 28 26
 28 27
 28 28
 28 29
 28 34
 28 35
 28 36
 28 37
 28 40
 28 41
 28 42
 28 43
 28 44
 28 49
 28 50
 29 10
 29 13
 29 14
 29 15
 29 16
 29 19
 29 20
 29 21
 29 22
 29 26
 29 27
 29 28
 29 29
 29 34
 29 35
 29 36
 29 37
 29 40
 29 41
 29 42
 29 43
 29 44
 29 49
 29 50
 30 10
 30 15
 30 16
 30 21
 30 22
 30 23
 30 26
 30 27
 30 28
 30 29
 30 32
 30 33
 30 34
 30 35
 30 51
 30 52
 31 10
 31 15
 31 16
 31 21
 31 22
 31 23
 31 26
 31 27
 31 28
 31 29
 31 32
 31 33
 31 34
 31 35
 31 51
 31 52
 32 8
 32 9
 32 21
 32 22
 32 23
 32 26
 32 27
 32 28
 32 29
 32 32
 32 33
 32 34
 32 35
 32 51
 32 52
 33 8
 33 23
 33 26
 33 27
 33 34
 33 35
 33 51
 33 52
 34 8
 34 26
 34 27
 34 51
 34 52
 34 53
 35 8
 35 53
 36 8
 36 53
 37 8
 37 25
 37 26
 37 27
 37 28
 37 29
 37 53
 38 8
 38 25
 38 26
 38 27
 38 28
 38 29
 38 53
 39 8
 39 9
 39 10
 39 23
 39 24
 39 25
 39 26
 39 27
 39 28
 39 29
 39 30
 39 31
 39 51
 39 52
 39 53
 40 8
 40 9
 40 10
 40 23
 40 24
 40 25
 40 26
 40 27
 40 28
 40 29
 40 30
 40 31
 40 51
 40 52
 40 53
 41 10
 41 19
 41 20
 41 25
 41 26
 41 27
 41 28
 41 29
 41 36
 41 37
 41 49
 41 50
 41 53
 42 10
 42 19
 42 20
 42 25
 42 26
 42 27
 42 28
 42 29
 42 36
 42 37
 42 49
 42 50
 42 53
 43 10
 43 11
 43 12
 43 21
 43 22
 43 26
 43 27
 43 34
 43 35
 43 36
 43 37
 43 47
 43 48
 43 53
 44 10
 44 11
 44 12
 44 21
 44 22
 44 26
 44 27
 44 34
 44 35
 44 36
 44 37
 44 47
 44 48
 44 53
 45 10
 45 11
 45 12
 45 13
 45 14
 45 21
 45 22
 45 26
 45 27
 45 32
 45 33
 45 34
 45 35
 45 45
 45 46
 45 53
 46 10
 46 11
 46 12
 46 13
 46 14
 46 21
 46 22
 46 26
 46 27
 46 32
 46 33
 46 34
 46 35
 46 45
 46 46
 46 53
 47 11
 47 12
 47 13
 47 14
 47 15
 47 16
 47 23
 47 24
 47 25
 47 26
 47 27
 47 28
 47 29
 47 30
 47 31
 47 34
 47 35
 47 51
 47 52
 47 53
 48 11
 48 12
 48 13
 48 14
 48 15
 48 16
 48 23
 48 24
 48 25
 48 26
 48 27
 48 28
 48 29
 48 30
 48 31
 48 34
 48 35
 48 51
 48 52
 49 11
 49 12
 49 15
 49 16
 49 17
 49 18
 49 25
 49 28
 49 29
 49 32
 49 33
 49 43
 49 44
 49 51
 49 52
 50 11
 50 12
 50 15
 50 16
 50 17
 50 18
 50 25
 50 28
 50 29
 50 32
 50 33
 50 51
 50 52
 51 10
 51 11
 51 12
 51 15
 51 16
 51 17
 51 18
 51 25
 51 28
 51 29
 51 32
 51 33
 51 51
 51 52
 52 10
 52 11
 52 12
 52 17
 52 18
 52 25
 52 30
 52 31
 52 53
 53 10
 53 11
 53 12
 53 17
 53 18
 53 25
 53 30
 53 31
 53 53
 54 10
 54 11
 54 12
 54 17
 54 18
 54 25
 54 26
 54 27
 54 28
 54 29
 54 53
 55 11
 55 12
 55 17
 55 18
 55 26
 55 27
 55 28
 55 29
 55 53
 56 8
 56 11
 56 12
 56 13
 56 14
 56 17
 56 18
 56 19
 56 20
 56 53
 57 8
 57 11
 57 12
 57 13
 57 14
 57 17
 57 18
 57 19
 57 20
 57 53
 58 8
 58 11
 58 12
 58 13
 58 14
 58 19
 58 20
 58 21
 58 22
 58 53
 59 8
 59 11
 59 12
 59 13
 59 14
 59 19
 59 20
 59 21
 59 22
 59 53
 60 8
 60 11
 60 12
 60 13
 60 14
 60 21
 60 22
 60 23
 60 53
 61 8
 61 11
 61 12
 61 13
 61 14
 61 21
 61 22
 61 23
 61 53
 62 8
 62 11
 62 12
 62 15
 62 16
 62 23
 62 24
 62 25
 62 53
 63 8
 63 11
 63 12
 63 15
 63 16
 63 23
 63 24
 63 25
 63 53
 64 8
 64 11
 64 12
 64 17
 64 18
 64 26
 64 27
 64 53
 65 8
 65 11
 65 12
 65 53